X1	X2	X3	X4	X5	X6	X7	variant
2.5230043196427685	0	0	0	0	0	0	rs429358 APOE
4.05344038797817	0	0	0	0	0	0	rs1260326 GCKR
1.6995982890298098	0	0	0	0	0	0	rs1800562 HFE
1.0783296108321583	0	0	0	0	0	0	rs702814 JAZF1
4.736524743872818	0	0	0	0	0	0	rs28601761 TRIB1
0.6019369754850951	0	0	0	0	0	0	rs11439486 GID4
0.7261470249428809	0	0	0	0	0	0	rs56252442 MAST3
0.599060416881261	0	0	0	0	0	0	rs1229984 ADH1B
1.3177131299347202	0	0	0	0	0	0	rs532436 ABO
0.6547053515693718	0	0	0	0	0	0	rs140201358 PNPLA2
2.223924846705046	0	0	0	0	0	0	rs5835988 COBLL1
2.228827600576019	0	0	0	0	0	0	2:227100579:TC:T IRS1
1.6792207486341222	0	0	0	0	0	0	rs1801282 PPARG
1.1072574768941594	0	0	0	0	0	0	rs62271373 TSC22D2
1.3064066580614364	0	0	0	0	0	0	rs2642438 MARC1
1.0244249513223276	0	0	0	0	0	0	rs1129555 GPAM
0.5795151733458386	0	0	0	0	0	0	10:114024573:GA:G TECTB
2.524340624958161	0	0	0	0	0	0	rs58542926 TM6SF2
1.1630652410235802	0	0	0	0	0	0	rs73026242 CEBPG
0.5399796985065677	0	0	0	0	0	0	rs60204587 MBOAT7
3.1484812637007247	0	0	0	0	0	0	rs738408 PNPLA3
0.7905944986436714	0	0	0	0	0	0	rs11937107 MTTP
1.6380149897378518	0	0	0	0	0	0	rs392794 AC022431.2
1.4549619835368177	0	0	0	0	0	0	rs55925606 SLC17A3
0.5432225124378595	0	0	0	0	0	0	rs6955582 GUSB
0.5582369746623261	0	0	0	0	0	0	rs7029757 TOR1B
