run	K	evid
570	1	5986.984561044452
885	1	5986.984561044537
348	1	5986.984561044808
195	1	5986.9845610449265
180	1	5986.984561045201
752	1	5986.9845610453285
471	1	5986.984561045414
932	1	5986.984561045726
355	1	5986.984561045792
298	1	5986.984561045894
671	1	5986.984561046444
575	1	5986.98456104791
692	1	5986.984561049578
361	1	5986.984561051482
686	1	5986.984561053706
561	1	5986.984561055883
274	1	5986.9845610572975
307	1	5986.984561058786
102	1	5986.9845610604225
342	1	5986.984561061503
891	1	5986.984561062543
305	1	5986.984561063844
392	1	5986.984561065046
819	1	5986.984561065746
977	1	5986.984561068892
854	1	5986.984561069271
778	1	5986.984561069955
250	1	5986.984561078248
715	1	5986.984561107476
287	1	5986.984561112005
869	1	5986.984561113656
790	1	5986.984561116716
9	1	5986.984561136149
204	1	5986.984561150743
186	1	5986.984561158655
179	1	5986.984561164269
884	1	5986.984561166715
830	1	5986.98456117378
197	1	5986.984561183949
971	1	5986.984561187459
716	1	5986.984561198746
818	1	5986.984561215049
42	1	5986.9845612152785
837	1	5986.984561220303
263	1	5986.984561227218
661	1	5986.984561243101
721	1	5986.98456125387
626	1	5986.984561266403
876	1	5986.984561358544
211	1	5986.984561382706
519	1	5986.984561443508
798	1	5986.984561476211
82	1	5986.984561517562
31	1	5986.984561522581
807	1	5986.984561524972
39	1	5986.984561589418
548	1	5986.984561598285
281	1	5986.98456161265
965	1	5986.98456163598
230	1	5986.984561659519
781	1	5986.98456166383
889	1	5986.984561686328
318	1	5986.984561695823
239	1	5986.98456172037
603	1	5986.984561799389
642	1	5986.984561831085
744	1	5986.9845618421505
131	1	5986.984561852314
481	1	5986.984561889966
713	1	5986.984561942705
97	1	5986.98456195773
463	1	5986.984561987491
400	1	5986.984562034967
383	1	5986.984562044693
955	1	5986.984562197178
711	1	5986.984562207634
189	1	5986.984562286078
546	1	5986.984562301062
712	1	5986.984562338725
183	1	5986.984562408794
831	1	5986.984562447866
360	1	5986.984562499961
146	1	5986.984562573359
882	1	5986.984562575646
277	1	5986.984562641954
344	1	5986.984562678749
19	1	5986.984563035794
597	1	5986.984563051094
933	1	5986.9845630531145
374	1	5986.984563500355
365	1	5986.984563608117
262	1	5986.984565582098
265	1	5986.984566453113
455	1	5986.984566581743
126	1	5986.984566599949
223	1	5986.984567546578
879	1	5986.984569917804
601	1	5986.984574843465
799	1	5986.984581135643
515	1	5986.984593853053
387	2	6649.856016771091
134	2	6649.856016773863
700	2	6649.856016794443
45	2	6649.856016796113
132	2	6649.856016805422
639	2	6649.8560170426645
78	2	6649.8560170963765
875	2	6649.856017169599
456	2	6649.856018558225
648	2	6649.856018634021
975	2	6649.856018676187
803	2	6649.856019465791
137	2	6649.856019516001
288	2	6649.856019528518
314	2	6649.856019881447
651	2	6649.85601993375
493	2	6649.8560202046865
85	2	6649.856020497432
116	2	6649.856020936888
53	2	6649.8560209601055
645	2	6649.856020975546
486	2	6649.856021030254
795	2	6649.8560212299635
346	2	6649.8560212893435
382	2	6649.856021347087
992	2	6649.856021481379
555	2	6649.856021659365
695	2	6649.856021702352
105	2	6649.856022084992
517	2	6649.85602225983
462	2	6649.856024366845
750	2	6649.856024584593
832	2	6649.8560257666495
44	2	6649.856026757265
300	2	6649.856027071801
302	2	6649.8560285709145
793	2	6649.8560303512095
304	2	6649.856030817703
133	2	6649.856031398196
649	2	6649.85603226082
735	2	6649.856034075404
176	2	6649.8560350658345
662	2	6649.856035322771
153	2	6649.856036581303
217	2	6649.856037291383
196	2	6649.856038208851
772	2	6649.856039814819
808	2	6649.8560402115145
619	2	6649.856040968041
960	2	6649.856041245938
7	2	6649.856045338582
532	2	6649.856047071817
631	2	6649.856047750914
743	2	6649.856049255219
892	2	6649.856050903954
951	2	6649.856052198591
833	2	6649.856053435036
999	2	6649.856058409413
247	2	6649.856059405471
792	2	6649.856060603264
363	2	6649.8560615227625
497	2	6649.856064587062
946	2	6649.856070392179
341	2	6649.856074747702
128	2	6649.856078346734
611	2	6649.856079239859
293	2	6649.856082195911
161	2	6649.85608448996
499	2	6649.856086425124
529	2	6649.856088302515
910	2	6649.856094071147
370	2	6649.85609570152
834	2	6649.856097103303
918	2	6649.856098324285
756	2	6649.856103552075
473	2	6649.856104945607
702	2	6649.85610504304
759	2	6649.856109256487
165	2	6649.856115104716
812	2	6649.85611797756
480	2	6649.856120436138
139	2	6649.856120557864
868	2	6649.85612155673
295	2	6649.85612343247
60	2	6649.856131153532
140	2	6649.856137028406
749	2	6649.8561377244805
398	2	6649.85614086051
266	2	6649.856146437762
731	2	6649.856149549331
192	2	6649.856150321998
381	2	6649.856151485016
62	2	6649.856153661053
817	2	6649.856169668779
417	2	6649.856179841933
162	2	6649.856184515888
598	2	6649.856194292457
435	2	6649.856198016013
36	2	6649.856198468472
657	2	6649.856206145925
303	2	6649.856210479402
804	2	6649.856210892712
572	2	6649.8562111491365
256	2	6649.856225002019
482	2	6649.856228101087
922	2	6649.856241506228
14	2	6649.856241545198
121	2	6649.856245572051
488	2	6649.856249706843
394	2	6649.856258702981
620	2	6649.856258923979
450	2	6649.856261398872
840	2	6649.856262771411
410	2	6649.856267319756
372	2	6649.856268818461
76	2	6649.856279647733
970	2	6649.856282855413
644	2	6649.856285074652
989	2	6649.856286580147
880	2	6649.856287007549
49	2	6649.85629234958
563	2	6649.856295193566
530	2	6649.856295737329
839	2	6649.8563022907165
849	2	6649.856304125726
421	2	6649.856304987145
557	2	6649.856309163364
823	2	6649.8563119566925
736	2	6649.856312375305
852	2	6649.85631292369
614	2	6649.856313232289
761	2	6649.856313416701
362	2	6649.856313700153
726	2	6649.856313760386
40	2	6649.856314153723
425	2	6649.856314757206
667	2	6649.856315360243
375	2	6649.85631541677
962	2	6649.856315593688
327	2	6649.85631597773
389	2	6649.856315982495
232	2	6649.8563161467955
709	2	6649.856316236172
552	2	6649.8563163701265
909	2	6649.856317428719
329	2	6649.856317477227
228	2	6649.856317686548
340	2	6649.856317766318
443	2	6649.856317843689
562	2	6649.8563178468075
980	2	6649.856317916958
301	2	6649.8563179269695
233	2	6649.856317953858
820	2	6649.85631795771
156	2	6649.856318106112
100	2	6649.85631811867
954	2	6649.856318134653
436	2	6649.856318205335
23	2	6649.856318258949
191	2	6649.85631836994
760	2	6649.856318422564
448	2	6649.85631853143
461	2	6649.856318541798
650	2	6649.856318602704
827	2	6649.8563186378
376	2	6649.856318663822
815	2	6649.856318770012
704	2	6649.856318822545
593	2	6649.856318827751
617	2	6649.856318860397
415	2	6649.856318864672
271	2	6649.8563188915105
249	2	6649.856318982653
632	2	6649.856318998622
500	2	6649.856319038753
167	2	6649.856319111555
454	2	6649.856319115752
333	2	6649.856319152045
152	2	6649.856319194538
538	2	6649.85631920055
181	2	6649.856319292566
484	2	6649.856319295688
903	2	6649.8563193773625
235	2	6649.856319410681
469	2	6649.856319437269
124	2	6649.856319437373
813	2	6649.856319440552
987	2	6649.85631944386
764	2	6649.856319469431
236	2	6649.856319507767
643	2	6649.856319567819
797	2	6649.8563195760125
219	2	6649.856319623001
506	2	6649.856319657777
71	2	6649.856319686934
93	2	6649.856319718171
604	2	6649.856319814073
578	2	6649.85631988097
207	2	6649.856319921002
502	2	6649.856319930461
151	2	6649.856319963814
119	2	6649.856319971774
215	2	6649.856319982492
103	2	6649.856320045029
745	2	6649.856320103108
647	2	6649.856320106211
48	2	6649.856320152297
976	2	6649.856320189707
622	2	6649.856320244278
74	2	6649.8563202475125
242	2	6649.856320253333
600	2	6649.85632029376
491	2	6649.8563203170315
687	2	6649.856320356557
254	2	6649.856320366689
221	2	6649.8563203917
740	2	6649.856320416702
388	2	6649.856320424957
297	2	6649.856320425088
568	2	6649.856320435472
916	2	6649.856320490526
558	2	6649.856320572919
773	2	6649.8563205913415
142	2	6649.856320714507
993	2	6649.856320714518
699	2	6649.856320724825
409	2	6649.856320753619
748	2	6649.856320887795
583	2	6649.856320895746
674	2	6649.856320922014
524	2	6649.856320964916
677	2	6649.856320999671
729	2	6649.856321032727
423	2	6649.85632104564
978	2	6649.856321084973
696	2	6649.856321094602
143	2	6649.856321117737
670	2	6649.856321148814
3	2	6649.856321195611
635	2	6649.856321261728
811	2	6649.856321265417
722	2	6649.856321317541
440	2	6649.8563213337475
723	2	6649.856321366626
689	2	6649.8563213676825
878	2	6649.856321406036
12	2	6649.856321432512
927	2	6649.856321449868
851	2	6649.856321474865
475	2	6649.85632148202
937	2	6649.8563214870965
261	2	6649.856321490227
585	2	6649.856321499132
163	2	6649.85632152184
582	2	6649.856321529746
378	2	6649.856321530869
862	2	6649.856321600086
928	2	6649.856321609435
900	2	6649.856321628784
10	2	6649.856321650989
316	2	6649.856321688347
224	2	6649.8563217773735
872	2	6649.856321802494
248	2	6649.856321807019
187	2	6649.856321869431
609	2	6649.856321906804
57	2	6649.856321915013
605	2	6649.85632198559
308	2	6649.856322004487
747	2	6649.8563220585675
850	2	6649.856322060431
447	2	6649.8563220874585
227	2	6649.856322098956
714	2	6649.8563221184295
893	2	6649.856322124478
836	2	6649.856322153053
169	2	6649.856322156398
65	2	6649.856322163331
269	2	6649.856322207985
717	2	6649.8563222415905
108	2	6649.856322274825
468	2	6649.856322283439
888	2	6649.856322304884
202	2	6649.85632234765
20	2	6649.856322372787
90	2	6649.856322381226
899	2	6649.856322451284
577	2	6649.856322536968
725	2	6649.856322544269
416	2	6649.856322559606
243	2	6649.856322574657
565	2	6649.856322590023
990	2	6649.856322607723
75	2	6649.856322617207
68	2	6649.85632264062
371	2	6649.856322769596
244	2	6649.856322787188
334	2	6649.856322860191
114	2	6649.856322897106
209	2	6649.856322938762
466	2	6649.856322977136
92	2	6649.856323008275
640	2	6649.856323041175
526	2	6649.85632304995
402	2	6649.856323088611
531	2	6649.856323102573
411	2	6649.856323146989
112	2	6649.856323190479
949	2	6649.8563231924445
351	2	6649.856323198166
776	2	6649.856323198234
720	2	6649.856323215535
683	2	6649.856323281889
509	2	6649.856323342559
79	2	6649.856323439437
996	2	6649.856323445776
753	2	6649.856323456637
594	2	6649.856323488218
991	2	6649.8563234962985
906	2	6649.8563236046575
789	2	6649.856323624512
257	2	6649.8563236925975
83	2	6649.856323755507
89	2	6649.856323768859
109	2	6649.856323790014
763	2	6649.856323845929
135	2	6649.856323859274
16	2	6649.8563238721445
944	2	6649.856323878346
665	2	6649.856323880322
510	2	6649.85632392065
386	2	6649.856323943679
99	2	6649.856323958863
339	2	6649.856323971631
178	2	6649.856323984723
866	2	6649.856324008746
30	2	6649.8563240484655
968	2	6649.85632407519
606	2	6649.856324081368
238	2	6649.856324089248
77	2	6649.85632410503
414	2	6649.856324129473
353	2	6649.856324149427
276	2	6649.856324219259
941	2	6649.8563243527115
27	2	6649.856324402845
208	2	6649.856324417429
658	2	6649.856324418978
245	2	6649.856324428377
259	2	6649.856324451533
967	2	6649.856324460723
406	2	6649.856324470629
391	2	6649.856324480376
212	2	6649.856324515827
550	2	6649.856324520906
285	2	6649.856324553931
706	2	6649.856324576353
995	2	6649.856324613382
335	2	6649.856324619846
842	2	6649.856324681162
796	2	6649.856324686469
358	2	6649.856324711276
160	2	6649.856324724791
549	2	6649.85632474628
861	2	6649.856324808635
805	2	6649.856324858534
401	2	6649.856324874886
225	2	6649.8563248890105
296	2	6649.85632489398
317	2	6649.856324909068
485	2	6649.8563249161225
952	2	6649.856325005955
364	2	6649.856325144799
945	2	6649.856325253923
310	2	6649.856325271991
855	2	6649.856325296861
739	2	6649.856325305463
246	2	6649.856325322202
638	2	6649.856325364364
418	2	6649.856325386119
864	2	6649.856325390013
460	2	6649.856325390209
943	2	6649.856325390496
942	2	6649.856325395818
51	2	6649.8563254593355
697	2	6649.85632547987
390	2	6649.856325501215
607	2	6649.856325517087
432	2	6649.8563255708095
368	2	6649.856325591828
940	2	6649.856325595566
321	2	6649.856325605448
618	2	6649.856325617954
237	2	6649.856325637656
794	2	6649.856325680131
913	2	6649.856325691275
96	2	6649.856325799752
659	2	6649.856325822007
865	2	6649.856325932781
768	2	6649.856326023464
377	2	6649.8563260318115
584	2	6649.8563260409755
802	2	6649.856326042348
542	2	6649.856326059865
569	2	6649.856326111905
742	2	6649.856326116781
354	2	6649.856326134877
997	2	6649.85632615109
883	2	6649.856326170193
528	2	6649.856326174837
758	2	6649.856326205459
201	2	6649.856326310419
777	2	6649.856326310796
25	2	6649.856326317724
786	2	6649.856326396382
929	2	6649.856326429272
205	2	6649.856326474023
56	2	6649.856326492875
545	2	6649.856326499777
433	2	6649.85632651342
908	2	6649.8563265649345
664	2	6649.856326570002
966	2	6649.8563265782695
809	2	6649.856326599962
641	2	6649.856326653977
393	2	6649.856326691489
24	2	6649.856326693531
539	2	6649.856326760473
898	2	6649.856326763265
158	2	6649.856326775927
199	2	6649.856326826055
848	2	6649.856326829776
541	2	6649.856326845139
449	2	6649.85632686409
273	2	6649.85632687895
912	2	6649.8563269173555
408	2	6649.856326927129
110	2	6649.856326956358
458	2	6649.856326987545
477	2	6649.856327014338
871	2	6649.8563270371405
445	2	6649.856327059638
21	2	6649.856327102693
127	2	6649.856327189456
867	2	6649.856327197168
822	2	6649.856327211797
998	2	6649.856327232779
453	2	6649.856327234994
427	2	6649.856327242559
258	2	6649.856327248422
145	2	6649.856327264593
770	2	6649.856327297659
182	2	6649.856327306878
576	2	6649.856327318583
396	2	6649.856327329716
476	2	6649.8563273492855
309	2	6649.856327355923
895	2	6649.856327397748
544	2	6649.8563274053195
654	2	6649.856327463701
216	2	6649.85632748457
599	2	6649.856327562047
149	2	6649.856327608509
8	2	6649.856327691785
350	2	6649.85632769244
173	2	6649.856327695825
901	2	6649.856327697146
914	2	6649.856327775322
422	2	6649.856327813486
592	2	6649.85632785077
680	2	6649.856327850988
84	2	6649.856327860951
218	2	6649.856327872705
783	2	6649.856327885246
741	2	6649.856327899435
86	2	6649.856327916651
784	2	6649.856327961397
226	2	6649.856327968513
682	2	6649.856327996606
63	2	6649.8563279971595
755	2	6649.856328019156
292	2	6649.85632805402
404	2	6649.8563281248635
957	2	6649.856328150072
630	2	6649.856328190906
527	2	6649.856328232365
518	2	6649.856328325866
58	2	6649.85632832605
240	2	6649.856328360217
551	2	6649.856328374628
337	2	6649.856328419386
174	2	6649.856328436803
113	2	6649.856328499048
956	2	6649.856328595871
533	2	6649.85632860018
921	2	6649.856328610849
22	2	6649.85632864748
877	2	6649.85632865968
652	2	6649.856328666794
936	2	6649.856328678941
299	2	6649.8563286898325
280	2	6649.856328750167
959	2	6649.856328763052
412	2	6649.856328772093
785	2	6649.856328772597
733	2	6649.856328785034
902	2	6649.856328812192
703	2	6649.8563288350915
369	2	6649.856328839021
646	2	6649.856328844913
397	2	6649.856328865303
130	2	6649.856328873448
974	2	6649.856328960615
107	2	6649.85632898632
413	2	6649.856329028429
512	2	6649.856329037972
767	2	6649.856329163397
490	2	6649.856329179902
451	2	6649.856329200495
323	2	6649.856329227862
117	2	6649.85632924199
571	2	6649.856329257928
672	2	6649.856329281415
118	2	6649.856329299691
255	2	6649.856329403803
719	2	6649.856329406793
911	2	6649.8563294116775
336	2	6649.856329458925
948	2	6649.8563294733
859	2	6649.856329485032
507	2	6649.8563294885425
324	2	6649.856329521699
634	2	6649.8563295269705
829	2	6649.856329662785
222	2	6649.856329667415
231	2	6649.8563296907805
675	2	6649.856329722298
860	2	6649.856329777378
54	2	6649.8563298714525
125	2	6649.856329933413
168	2	6649.856329950392
596	2	6649.856330012785
732	2	6649.8563300170335
289	2	6649.8563300527285
349	2	6649.856330055621
886	2	6649.856330056286
359	2	6649.856330068169
958	2	6649.856330103013
203	2	6649.856330105342
46	2	6649.8563301060785
322	2	6649.856330127536
457	2	6649.856330145585
495	2	6649.856330164999
69	2	6649.856330180115
172	2	6649.856330204092
150	2	6649.856330251659
627	2	6649.856330284021
138	2	6649.856330339111
170	2	6649.856330391992
206	2	6649.856330401429
28	2	6649.856330409706
514	2	6649.856330474812
983	2	6649.8563305012995
707	2	6649.85633054139
915	2	6649.856330588636
252	2	6649.856330622851
984	2	6649.8563306279975
464	2	6649.856330738505
313	2	6649.856330756834
331	2	6649.856330779488
115	2	6649.8563308050225
660	2	6649.856330819126
61	2	6649.856330825806
574	2	6649.856330860937
284	2	6649.856330868343
523	2	6649.856330942357
95	2	6649.856330955883
791	2	6649.856331008707
470	2	6649.85633101762
858	2	6649.85633102105
144	2	6649.856331039868
185	2	6649.856331058524
590	2	6649.856331163888
939	2	6649.856331205096
154	2	6649.856331212777
969	2	6649.856331222116
934	2	6649.856331264502
814	2	6649.856331310009
159	2	6649.8563314124185
708	2	6649.856331434909
503	2	6649.856331517027
399	2	6649.856331535236
157	2	6649.856331653244
352	2	6649.8563316595655
824	2	6649.856331731876
34	2	6649.856331759672
17	2	6649.85633180647
5	2	6649.856331882196
668	2	6649.856331886942
938	2	6649.856331937135
656	2	6649.85633196568
452	2	6649.856331995469
870	2	6649.856331995668
887	2	6649.8563320251515
164	2	6649.856332109497
681	2	6649.856332140023
73	2	6649.856332153255
136	2	6649.856332204736
129	2	6649.8563322424225
504	2	6649.856332281729
841	2	6649.8563322832015
926	2	6649.856332283451
357	2	6649.856332295414
188	2	6649.856332310297
666	2	6649.856332339729
26	2	6649.856332422046
679	2	6649.856332437357
80	2	6649.856332476042
11	2	6649.856332495378
923	2	6649.856332515099
438	2	6649.856332573445
981	2	6649.856332579306
560	2	6649.856332583424
478	2	6649.856332583483
479	2	6649.856332673264
472	2	6649.856332679606
586	2	6649.856332680544
727	2	6649.856332745541
806	2	6649.8563327668035
270	2	6649.8563327743595
986	2	6649.856332776261
947	2	6649.856332796178
29	2	6649.856332850071
669	2	6649.856332875164
774	2	6649.856332899581
59	2	6649.856332921923
184	2	6649.856332952682
623	2	6649.856332952943
380	2	6649.856332965055
345	2	6649.856332979851
591	2	6649.856333013064
88	2	6649.85633304037
828	2	6649.856333061971
166	2	6649.8563331315045
636	2	6649.856333139614
264	2	6649.85633316348
629	2	6649.856333166435
251	2	6649.856333201967
595	2	6649.856333212505
442	2	6649.856333273468
306	2	6649.8563332884005
521	2	6649.856333303525
535	2	6649.856333312257
81	2	6649.856333315104
920	2	6649.8563334731225
332	2	6649.856333478509
214	2	6649.856333524392
330	2	6649.856333529173
405	2	6649.856333615456
441	2	6649.856333650279
171	2	6649.856333745899
35	2	6649.856333755242
685	2	6649.8563337742
319	2	6649.856333846035
522	2	6649.856333905911
693	2	6649.856333934412
734	2	6649.856334115433
326	2	6649.8563342930975
994	2	6649.856334378239
291	2	6649.856334413661
434	2	6649.856334441218
581	2	6649.856334446908
483	2	6649.85633446394
525	2	6649.856334476509
751	2	6649.856334582402
123	2	6649.8563345938555
356	2	6649.856334601669
155	2	6649.856334634482
979	2	6649.856334640563
905	2	6649.856334651258
474	2	6649.856334706281
705	2	6649.85633471852
853	2	6649.8563347206655
403	2	6649.856334738382
33	2	6649.856334748487
498	2	6649.856334776577
72	2	6649.856334987851
587	2	6649.856334992582
494	2	6649.8563350684435
579	2	6649.856335076646
559	2	6649.856335085473
444	2	6649.8563351096545
94	2	6649.856335114414
718	2	6649.856335167425
897	2	6649.856335177844
229	2	6649.856335215777
608	2	6649.856335234356
47	2	6649.856335302972
198	2	6649.8563353220325
896	2	6649.856335434255
501	2	6649.856335478902
730	2	6649.856335511175
637	2	6649.856335519664
294	2	6649.856335551462
210	2	6649.856335573846
904	2	6649.856335581124
347	2	6649.856335591969
64	2	6649.856335667659
782	2	6649.856335689906
325	2	6649.856335714059
838	2	6649.856335814478
487	2	6649.856335859626
907	2	6649.856335878609
141	2	6649.856335906528
315	2	6649.856335944352
234	2	6649.8563359828095
787	2	6649.856336119554
554	2	6649.85633614483
343	2	6649.856336174535
985	2	6649.85633618296
492	2	6649.856336203289
241	2	6649.856336204631
260	2	6649.856336303201
268	2	6649.8563363082185
613	2	6649.856336336374
825	2	6649.856336412615
177	2	6649.856336424655
465	2	6649.856336446979
684	2	6649.856336466708
738	2	6649.856336587084
2	2	6649.856336598861
710	2	6649.856336664636
55	2	6649.856336721093
845	2	6649.85633680938
467	2	6649.856336829422
426	2	6649.856337147851
537	2	6649.856337177527
15	2	6649.856337198285
816	2	6649.856337263008
91	2	6649.856337263315
935	2	6649.856337276529
628	2	6649.856337330624
437	2	6649.856337337003
220	2	6649.856337367635
953	2	6649.856337368921
511	2	6649.856337382918
930	2	6649.856337433977
846	2	6649.856337444703
193	2	6649.856337453954
673	2	6649.8563374617715
496	2	6649.856337495615
190	2	6649.856337500843
384	2	6649.8563375701815
780	2	6649.856337574162
536	2	6649.856337635696
961	2	6649.856337728349
775	2	6649.856337738544
698	2	6649.856337742515
694	2	6649.856337795911
430	2	6649.8563378080835
32	2	6649.856337811658
690	2	6649.856337834569
757	2	6649.856337886399
556	2	6649.856337890115
385	2	6649.856337948657
489	2	6649.856337960569
988	2	6649.85633798558
771	2	6649.856337994237
821	2	6649.856338023923
917	2	6649.856338029602
508	2	6649.856338072399
4	2	6649.856338089422
964	2	6649.856338119054
873	2	6649.8563381902495
788	2	6649.85633821772
373	2	6649.856338248785
320	2	6649.856338310985
311	2	6649.8563383166
810	2	6649.856338328939
290	2	6649.856338353756
765	2	6649.856338372548
766	2	6649.856338392939
800	2	6649.856338401807
610	2	6649.856338420663
395	2	6649.856338444745
663	2	6649.85633844484
70	2	6649.856338509725
801	2	6649.856338530959
194	2	6649.856338572415
589	2	6649.856338586964
66	2	6649.856338594182
101	2	6649.856338601057
379	2	6649.856338647116
925	2	6649.856338656447
312	2	6649.856338669274
175	2	6649.8563386808455
931	2	6649.856338706105
737	2	6649.856338715478
253	2	6649.856338755827
366	2	6649.85633876271
278	2	6649.85633876867
87	2	6649.856338850551
286	2	6649.856338921878
890	2	6649.856338945522
43	2	6649.85633898457
653	2	6649.856339013011
120	2	6649.856339030317
625	2	6649.856339106974
1000	2	6649.85633918469
655	2	6649.856339194914
275	2	6649.856339198241
588	2	6649.856339228699
844	2	6649.856339291485
612	2	6649.856339304548
200	2	6649.856339520552
428	2	6649.856339564058
616	2	6649.85633974998
856	2	6649.8563398922415
111	2	6649.85633992495
424	2	6649.856339953278
564	2	6649.856340002435
553	2	6649.8563402281225
769	2	6649.856340508424
6	2	6649.856340802013
972	2	6649.856340809127
98	2	6649.856340813687
283	2	6649.856340819414
982	2	6649.856341137801
724	2	6649.856341242399
38	2	6649.8563414240425
534	2	6649.856341443273
272	2	6649.856341555285
843	2	6649.856341712675
602	2	6649.856341732515
279	2	6649.856342194324
919	2	6649.856342224613
847	2	6649.856342322773
459	2	6649.856343047008
104	2	6649.856343312879
580	2	6649.856343631445
50	2	6649.856344216496
691	2	6649.856344561002
431	2	6649.856345116291
407	2	6649.856345217766
282	2	6649.856345270757
566	2	6649.856345280054
148	2	6649.856345374531
122	2	6649.856345728795
1	2	6649.856348017973
41	2	6649.856348129459
567	2	6649.856348347578
728	2	6649.856348856945
67	2	6649.856349163421
439	2	6649.856350819036
505	2	6649.856351305458
894	2	6649.856352270441
516	2	6649.856353388637
420	2	6649.85635426683
835	2	6649.856354787513
52	2	6649.856359277788
746	2	6649.856359590585
18	2	6649.856361100543
826	2	6649.856361714704
520	2	6649.856365199715
13	2	6649.856365734218
37	2	6649.856369057577
547	2	6649.856370171869
863	2	6649.85637120086
633	2	6649.8563729218895
924	2	6649.8563736172655
881	2	6649.856374791781
540	2	6649.856377673765
963	2	6649.856381729172
779	2	6649.856386081816
676	2	6649.856396387225
857	2	6649.856409458162
213	2	6649.856416116155
615	2	6649.856416375367
950	2	6649.856419355077
106	2	6649.856420069969
328	2	6649.85643522989
973	2	6649.856436975333
701	2	6649.8564399846255
367	2	6649.856440682961
338	2	6649.856462760566
624	2	6649.856469229006
754	2	6649.856476171548
573	2	6649.856493098587
621	2	6649.856499114504
543	2	6649.856517488703
762	2	6649.856524302825
678	2	6649.856583692898
688	2	6649.8566023890535
513	2	6649.856678675022
147	2	6649.8567287515025
419	2	6649.856743602431
446	2	6649.8567767628065
267	2	6649.856849250627
429	2	6649.856852486105
874	2	6649.856863607841
